# --- Complex:
# Expected: [1, 1, 1, 1, 1]

I 0
I 1
I 2
I 6
I 7
X 10
H 0
H 1
H 2
H 6
H 7
H 10
CNOT 0 10
CNOT 1 10
CNOT 2 10
CNOT 6 10
CNOT 7 10
H 0
H 1
H 2
H 6
H 7

QC Response:
{0: array([1, 1, 1, 1, 1, 1, 1, 1, 1, 1]), 1: array([1, 1, 1, 1, 1, 1, 1, 1, 1, 1]), 2: array([1, 1, 1, 1, 1, 1, 1, 1, 1, 1]), 6: array([1, 1, 1, 1, 1, 1, 1, 1, 1, 1]), 7: array([1, 1, 1, 1, 1, 1, 1, 1, 1, 1]), 10: array([0, 0, 1, 1, 1, 1, 1, 0, 1, 1]), 11: array([0, 0, 0, 0, 0, 0, 0, 0, 0, 0]), 13: array([0, 0, 0, 0, 0, 0, 0, 0, 0, 0]), 14: array([0, 0, 0, 0, 0, 0, 0, 0, 0, 0]), 15: array([0, 0, 0, 0, 0, 0, 0, 0, 0, 0]), 16: array([0, 0, 0, 0, 0, 0, 0, 0, 0, 0]), 17: array([0, 0, 0, 0, 0, 0, 0, 0, 0, 0])}
QC Runtime:
0.66202878500917