# --- Complex:
# Expected: [1, 1]

I 0
I 1
X 2
H 0
H 1
H 2
CNOT 0 2
CNOT 1 2
H 0
H 1

QC Response:
{0: array([1, 1, 1, 1, 1, 1, 1, 1, 1, 1]), 1: array([1, 1, 1, 1, 1, 1, 1, 1, 1, 1]), 2: array([0, 1, 0, 0, 1, 0, 1, 1, 1, 0]), 6: array([0, 0, 0, 0, 0, 0, 0, 0, 0, 0]), 7: array([0, 0, 0, 0, 0, 0, 0, 0, 0, 0]), 10: array([0, 0, 0, 0, 0, 0, 0, 0, 0, 0]), 11: array([0, 0, 0, 0, 0, 0, 0, 0, 0, 0]), 13: array([0, 0, 0, 0, 0, 0, 0, 0, 0, 0]), 14: array([0, 0, 0, 0, 0, 0, 0, 0, 0, 0]), 15: array([0, 0, 0, 0, 0, 0, 0, 0, 0, 0]), 16: array([0, 0, 0, 0, 0, 0, 0, 0, 0, 0]), 17: array([0, 0, 0, 0, 0, 0, 0, 0, 0, 0])}
QC Runtime:
0.15979365198290907

QC Response:
{0: array([1, 1, 1, 1, 1, 1, 1, 1, 1, 1]), 1: array([1, 1, 0, 1, 1, 1, 1, 1, 0, 1]), 2: array([0, 1, 1, 0, 1, 0, 1, 0, 1, 1]), 6: array([1, 0, 0, 0, 0, 0, 0, 0, 0, 0]), 7: array([1, 0, 0, 0, 0, 0, 0, 0, 0, 0]), 10: array([0, 0, 1, 0, 0, 0, 0, 0, 0, 0]), 11: array([0, 0, 0, 0, 0, 0, 0, 0, 0, 0]), 13: array([0, 0, 0, 0, 0, 0, 1, 0, 0, 0]), 14: array([1, 1, 1, 1, 1, 1, 1, 0, 1, 1]), 15: array([0, 0, 0, 0, 0, 0, 0, 0, 0, 1]), 16: array([0, 0, 0, 0, 1, 0, 0, 0, 0, 0]), 17: array([0, 0, 0, 0, 0, 0, 0, 0, 0, 0])}
QC Runtime:
0.21219642501091585