# --- Complex:
# Expected: [1, 1, 1, 1, 1, 1]

I 0
I 1
I 2
I 6
I 7
I 10
X 11
H 0
H 1
H 2
H 6
H 7
H 10
H 11
CNOT 0 11
CNOT 1 11
CNOT 2 11
CNOT 6 11
CNOT 7 11
CNOT 10 11
H 0
H 1
H 2
H 6
H 7
H 10

QC Response:
{0: array([1, 1, 1, 1, 1, 1, 1, 1, 1, 1]), 1: array([1, 1, 1, 1, 1, 1, 1, 1, 1, 1]), 2: array([1, 1, 1, 1, 1, 1, 1, 1, 1, 1]), 6: array([1, 1, 1, 1, 1, 1, 1, 1, 1, 1]), 7: array([1, 1, 1, 1, 1, 1, 1, 1, 1, 1]), 10: array([1, 1, 1, 1, 1, 1, 1, 1, 1, 1]), 11: array([1, 1, 1, 1, 0, 0, 1, 0, 1, 0]), 13: array([0, 0, 0, 0, 0, 0, 0, 0, 0, 0]), 14: array([0, 0, 0, 0, 0, 0, 0, 0, 0, 0]), 15: array([0, 0, 0, 0, 0, 0, 0, 0, 0, 0]), 16: array([0, 0, 0, 0, 0, 0, 0, 0, 0, 0]), 17: array([0, 0, 0, 0, 0, 0, 0, 0, 0, 0])}
QC Runtime:
0.8367948089726269

QC Response:
{0: array([1, 0, 1, 1, 1, 1, 0, 0, 1, 0]), 1: array([1, 0, 0, 1, 0, 0, 0, 1, 0, 1]), 2: array([0, 1, 1, 1, 1, 0, 0, 1, 1, 0]), 6: array([1, 0, 0, 0, 1, 0, 1, 0, 1, 1]), 7: array([1, 1, 0, 0, 1, 1, 0, 0, 1, 1]), 10: array([1, 0, 0, 1, 1, 0, 1, 0, 0, 0]), 11: array([0, 1, 1, 1, 0, 1, 0, 0, 1, 1]), 13: array([0, 0, 0, 0, 0, 0, 0, 0, 0, 0]), 14: array([1, 1, 0, 0, 0, 0, 1, 1, 0, 1]), 15: array([0, 0, 1, 0, 1, 0, 0, 0, 0, 0]), 16: array([0, 1, 0, 0, 0, 1, 1, 0, 1, 1]), 17: array([0, 0, 0, 0, 0, 0, 0, 0, 0, 0])}
QC Runtime:
0.7832255800021812