# --- Complex:
# Expected: [0, 0, 0]

H 0
H 1
H 2
X 0
X 1
X 2
CONTROLLED CONTROLLED Z 2 1 0
X 0
X 1
X 2
H 0
H 1
H 2
X 0
X 1
X 2
CONTROLLED CONTROLLED Z 2 1 0
X 0
X 1
X 2
H 0
H 1
H 2
Z 0

QC Response:
{0: array([0, 0, 1, 0, 1, 0, 0, 0]), 1: array([0, 0, 0, 0, 0, 1, 0, 0]), 2: array([0, 0, 1, 0, 0, 1, 0, 0]), 6: array([0, 0, 0, 0, 0, 0, 0, 0]), 7: array([0, 0, 0, 0, 0, 0, 0, 0]), 10: array([0, 0, 0, 0, 0, 0, 0, 0]), 11: array([0, 0, 0, 0, 0, 0, 0, 0]), 13: array([0, 0, 0, 0, 0, 0, 0, 0]), 14: array([0, 0, 0, 0, 0, 0, 0, 0]), 15: array([0, 0, 0, 0, 0, 0, 0, 0]), 16: array([0, 0, 0, 0, 0, 0, 0, 0]), 17: array([0, 0, 0, 0, 0, 0, 0, 0])}
QC Runtime:
0.5293448120064568

QC Response:
{0: array([0, 0, 1, 1, 1, 0, 1, 1]), 1: array([0, 0, 1, 0, 1, 0, 0, 0]), 2: array([0, 1, 1, 0, 1, 1, 1, 0]), 6: array([0, 0, 1, 0, 0, 0, 1, 0]), 7: array([0, 0, 0, 0, 0, 0, 0, 1]), 10: array([0, 1, 0, 0, 0, 1, 0, 1]), 11: array([0, 0, 0, 0, 0, 0, 0, 0]), 13: array([0, 0, 0, 0, 0, 0, 0, 0]), 14: array([0, 1, 1, 1, 1, 0, 1, 1]), 15: array([0, 0, 0, 0, 0, 0, 0, 0]), 16: array([0, 0, 0, 0, 0, 0, 0, 0]), 17: array([0, 0, 0, 0, 0, 0, 0, 0])}
QC Runtime:
0.4823024829966016