QVM
QC Response:
{0: array([0, 0, 0, 0, 0, 0, 0, 0, 0, 0]), 1: array([1, 1, 1, 1, 1, 1, 1, 1, 1, 1]), 2: array([1, 1, 1, 1, 1, 1, 1, 1, 1, 1]), 7: array([1, 1, 1, 1, 1, 1, 1, 1, 1, 1]), 14: array([0, 0, 0, 0, 0, 0, 0, 0, 0, 0]), 15: array([0, 0, 0, 0, 0, 0, 0, 0, 0, 0])}
QC Runtime:
3.4069148108828813

QPU
QC Response:
{0: array([1, 0, 1, 0, 0, 0, 1, 0, 1, 1]), 1: array([0, 0, 1, 0, 1, 1, 0, 0, 0, 1]), 2: array([0, 1, 0, 1, 0, 1, 0, 1, 1, 0]), 7: array([1, 0, 1, 0, 0, 0, 1, 0, 1, 0]), 14: array([1, 1, 0, 0, 1, 0, 1, 1, 1, 1]), 15: array([0, 0, 0, 0, 1, 0, 0, 0, 0, 0])}
QC Runtime:
3.6210439931601286

QVM
QC Response:
{0: array([0, 0, 0, 0, 0, 0, 0, 0, 0, 0, 0, 0, 0, 0, 0, 0, 0, 0, 0, 0]), 1: array([1, 1, 1, 1, 1, 1, 1, 1, 1, 1, 1, 1, 1, 1, 1, 1, 1, 1, 1, 1]), 2: array([1, 1, 1, 1, 1, 1, 1, 1, 1, 1, 1, 1, 1, 1, 1, 1, 1, 1, 1, 1]), 7: array([1, 1, 1, 1, 1, 1, 1, 1, 1, 1, 1, 1, 1, 1, 1, 1, 1, 1, 1, 1]), 14: array([0, 0, 0, 0, 0, 0, 0, 0, 0, 0, 0, 0, 0, 0, 0, 0, 0, 0, 0, 0]), 15: array([0, 0, 0, 0, 0, 0, 0, 0, 0, 0, 0, 0, 0, 0, 0, 0, 0, 0, 0, 0])}
QC Runtime:
3.3709936139639467