QVM
QC Response:
{0: array([0, 1, 1, 0, 0, 1, 1, 0, 0, 1]), 1: array([0, 1, 1, 0, 0, 1, 1, 0, 0, 1]), 2: array([1, 0, 1, 1, 0, 0, 1, 0, 0, 0]), 7: array([1, 0, 0, 1, 0, 0, 1, 0, 0, 1]), 14: array([1, 1, 0, 1, 0, 0, 1, 0, 1, 1]), 15: array([0, 0, 0, 0, 0, 0, 0, 0, 0, 0])}
QC Runtime:
12.480672427918762

QPU
QC Response:
{0: array([0, 0, 0, 0, 0, 0, 1, 0, 0, 1]), 1: array([1, 0, 1, 1, 1, 1, 1, 0, 0, 0]), 2: array([1, 0, 0, 1, 1, 1, 0, 0, 1, 0]), 7: array([1, 0, 0, 0, 0, 0, 1, 0, 1, 1]), 14: array([1, 1, 1, 0, 1, 1, 1, 1, 1, 1]), 15: array([0, 0, 0, 1, 0, 1, 1, 0, 1, 1])}
QC Runtime:
13.573256184114143

QVM
QC Response:
{0: array([0, 1, 0, 0, 1, 1, 1, 1, 1, 1, 1, 1, 0, 0, 1, 1, 1, 0, 0, 1]), 1: array([0, 1, 0, 0, 1, 1, 1, 1, 1, 1, 1, 1, 0, 0, 1, 1, 1, 0, 0, 1]), 2: array([1, 1, 0, 1, 0, 0, 1, 1, 0, 0, 1, 0, 1, 0, 1, 1, 1, 0, 1, 0]), 7: array([1, 0, 0, 1, 1, 0, 1, 0, 1, 1, 1, 0, 0, 1, 1, 0, 1, 0, 0, 0]), 14: array([0, 1, 1, 0, 0, 1, 0, 1, 0, 1, 1, 0, 1, 0, 0, 1, 0, 0, 0, 1]), 15: array([1, 0, 0, 1, 1, 0, 1, 0, 1, 0, 0, 0, 0, 1, 1, 0, 1, 0, 0, 0])}
QC Runtime:
12.651239925995469

QC Response:
{0: array([0, 1, 0, 0, 1, 0, 0, 0, 0, 1, 0, 0, 1, 0, 0, 0, 1, 0, 1, 0]), 1: array([0, 1, 1, 0, 0, 0, 0, 0, 0, 0, 1, 0, 1, 1, 1, 0, 0, 1, 1, 1]), 2: array([1, 0, 1, 0, 0, 0, 1, 0, 0, 1, 0, 0, 0, 0, 0, 1, 1, 0, 0, 1]), 7: array([1, 1, 0, 1, 0, 1, 1, 0, 0, 1, 1, 0, 0, 1, 0, 1, 1, 1, 1, 1]), 14: array([1, 1, 1, 1, 0, 1, 1, 1, 1, 1, 1, 1, 0, 1, 1, 1, 1, 1, 1, 0]), 15: array([1, 1, 0, 1, 0, 1, 1, 1, 1, 0, 1, 0, 0, 0, 0, 1, 0, 0, 0, 1])}
QC Runtime:
13.609692603815347
